theta0 = 8481.172796984529
theta1 = -0.021273719070404658
