theta0 = 8449.644833610546
theta1 = -0.020973879327592978
